293,35
19,1
14,65
14,64
14,24
14,22
14,19
14,18
14,16
14,11
12,3
12,2
12,1
11,27
11,26
11,25
11,24
11,23
11,22
11,21
11,20
11,19
11,18
11,17
11,16
11,14
11,13
11,12
11,11
11,10
11,8
11,6
11,4
11,3
11,2
11,1
10,309
10,308
10,307
10,306
10,305
10,304
10,303
10,302
10,301
10,300
10,299
10,298
10,297
10,296
10,295
10,294
10,293
10,292
10,291
10,290
10,289
10,288
10,287
10,286
10,285
10,284
10,283
10,282
10,281
10,280
10,279
10,278
10,277
10,276
10,275
10,274
10,273
10,272
10,271
10,270
10,269
10,268
10,267
10,266
10,265
10,264
10,263
10,262
10,261
10,260
10,259
10,258
10,257
10,256
10,255
10,254
10,253
10,252
10,251
10,250
10,249
10,248
10,244
10,186
10,177
10,174
10,164
18,1
18,3
10,160
10,130
10,127
10,116
10,100
10,91
2,2
2,1
2,3
10,82
10,66
10,34
10,12
10,3
10,2
10,1
9,7
9,6
9,5
9,4
9,3
9,2
9,1
8,18
8,17
8,16
8,15
8,14
8,13
8,12
8,11
8,10
8,8
8,7
8,6
8,5
8,4
8,3
8,2
8,1
3,3
3,2
3,1
0,460
0,459
0,456
0,455
0,318
13,5
14,8
14,4
14,1
0,0
14,29
14,3
13,1
13,4
13,3
0,9
